37.37366900000001 126.667134
37.37366921676291 126.66713364110781
37.373669432272244 126.66713328103228
37.373669646523915 126.6671329197803
37.37366985951378 126.66713255735874
37.37367007123785 126.66713219377458
37.37367028169203 126.66713182903469
37.373670490872314 126.66713146314608
37.37367069877472 126.66713109611571
37.373670905395265 126.6671307279506
37.37367111073002 126.6671303586578
37.37367131477503 126.66712998824433
37.37367151752644 126.66712961671726
37.37367171898037 126.66712924408371
37.373671919132946 126.66712887035075
37.37367211798039 126.66712849552556
37.37367231551886 126.6671281196153
37.37367251174464 126.66712774262707
37.37367270665392 126.66712736456817
37.37367290024303 126.66712698544575
37.37367309250825 126.66712660526709
37.37367328344592 126.66712622403938
37.37367347305238 126.66712584176999
37.37367366132401 126.66712545846616
37.37367384825724 126.66712507413521
37.373674033848474 126.6671246887845
37.37367421809419 126.66712430242137
37.37367440099085 126.6671239150532
37.37367458253498 126.66712352668739
37.37367476272311 126.66712313733134
37.37367494155178 126.6671227469925
37.37367511901761 126.66712235567833
37.373675295117195 126.6671219633963
37.37367546984718 126.66712157015387
37.3736756432042 126.66712117595854
37.37367581518497 126.6671207808179
37.373675985786214 126.66712038473943
37.37367615500466 126.66711998773071
37.37367632283708 126.66711958979936
37.37367648928028 126.66711919095292
37.373676654331064 126.66711879119902
37.37367681798629 126.66711839054531
37.37367698024285 126.66711798899944
37.373677141097616 126.66711758656905
37.37367730054754 126.66711718326184
37.37367745858956 126.6671167790855
37.37367761522068 126.66711637404777
37.373677770437894 126.66711596815634
37.373677924238244 126.66711556141902
37.37367807661879 126.66711515384351
37.373678227576626 126.66711474543764
37.37367837710887 126.66711433620918
37.373678525212654 126.66711392616597
37.37367867188519 126.6671135153158
37.37367881712363 126.66711310366657
37.373678960925226 126.66711269122607
37.37367910328722 126.66711227800222
37.37367924420692 126.66711186400288
37.37367938368159 126.66711144923597
37.37367952170863 126.66711103370943
37.37367965828536 126.66711061743116
37.37367979340917 126.66711020040916
37.37367992707751 126.66710978265131
37.3736800592878 126.66710936416563
37.373680190037526 126.66710894496009
37.3736803193242 126.66710852504274
37.37368044714533 126.66710810442156
37.37368057349851 126.66710768310456
37.37368069838131 126.66710726109984
37.37368082179133 126.66710683841542
37.37368094372625 126.6671064150594
37.37368106418371 126.6671059910398
37.373681183161416 126.6671055663648
37.373681300657104 126.66710514104243
37.37368141666854 126.66710471508084
37.3736815311935 126.66710428848818
37.3736816442298 126.66710386127258
37.37368175577525 126.66710343344218
37.373681865827756 126.66710300500517
37.37368197438523 126.66710257596972
37.37368208144557 126.66710214634404
37.37368218700673 126.66710171613632
37.373682291066714 126.66710128535476
37.37368239362352 126.66710085400757
37.3736824946752 126.66710042210303
37.37368259421983 126.66709998964937
37.37368269225549 126.66709955665485
37.37368278878033 126.66709912312771
37.37368288379248 126.66709868907624
37.37368297729016 126.66709825450873
37.37368306927155 126.66709781943351
37.37368315973493 126.66709738385883
37.373683248678546 126.66709694779303
37.3736833361007 126.66709651124445
37.37368342199975 126.66709607422138
37.37368350637402 126.66709563673221
37.373683589221926 126.66709519878528
37.37368367054189 126.66709476038893
37.373683750332326 126.66709432155157
37.37368382859173 126.66709388228153
37.37368390531862 126.66709344258726
37.37368398051151 126.66709300247706
37.37368405416897 126.66709256195942
37.37368412628962 126.66709212104271
37.37368419687204 126.66709167973535
37.37368426591492 126.6670912380458
37.37368433341691 126.66709079598243
37.37368439937675 126.66709035355375
37.37368446379317 126.66708991076814
37.37368452666493 126.66708946763409
37.37368458799084 126.66708902416005
37.37368464776972 126.66708858035449
37.37368470600043 126.66708813622587
37.37368476268188 126.66708769178273
37.37368481781297 126.66708724703346
37.37368487139265 126.66708680198663
37.37368492341989 126.66708635665067
37.3736849738937 126.66708591103415
37.37368502281312 126.66708546514552
37.37368507017722 126.66708501899332
37.37368511598508 126.66708457258608
37.37368516023586 126.6670841259323
37.37368520292867 126.66708367904052
37.37368524406273 126.66708323191925
37.37368528363723 126.66708278457706
37.373685321651436 126.66708233702249
37.3736853581046 126.66708188926405
37.37368539299605 126.6670814413103
37.3736854263251 126.66708099316979
37.37368545809112 126.66708054485112
37.37368548829351 126.66708009636278
37.3736855169317 126.66707964771338
37.373685544005106 126.66707919891147
37.37368556951326 126.66707874996561
37.37368559345565 126.6670783008844
37.37368561583181 126.6670778516764
37.373685636641326 126.66707740235015
37.3736856558838 126.66707695291429
37.37368567355886 126.66707650337736
37.37368568966618 126.66707605374793
37.37368570420543 126.66707560403464
37.373685717176365 126.667075154246
37.3736857285787 126.66707470439067
37.37368573841224 126.66707425447721
37.3736857466768 126.66707380451419
37.37368575337223 126.66707335451024
37.37368575849836 126.66707290447391
37.37368576205512 126.66707245441383
37.37368576404246 126.66707200433856
37.37368576446032 126.6670715542567
37.37368576330869 126.66707110417686
37.3736857605876 126.6670706541076
37.37368575629711 126.66707020405757
37.37368575043727 126.66706975403531
37.37368574300823 126.66706930404942
37.37368573401011 126.6670688541085
37.37368572344309 126.66706840422114
37.373685711307374 126.66706795439595
37.373685697603186 126.66706750464148
37.37368568233079 126.66706705496631
37.37368566549048 126.66706660537908
37.37368564708255 126.66706615588834
37.373685627107406 126.66706570650265
37.373685605565385 126.66706525723062
37.37368558245693 126.66706480808081
37.373685557782466 126.66706435906183
37.37368553154244 126.66706391018221
37.373685503737406 126.66706346145054
37.37368547436785 126.66706301287537
37.37368544343434 126.6670625644653
37.3736854109375 126.66706211622886
37.3736853768779 126.66706166817461
37.37368534125623 126.66706122031111
37.373685304073156 126.66706077264692
37.37368526532938 126.66706032519059
37.37368522502565 126.6670598779506
37.373685183162735 126.66705943093558
37.37368513974144 126.66705898415402
37.373685094762585 126.66705853761442
37.37368504822703 126.66705809132539
37.37368500013567 126.66705764529536
37.37368495048941 126.66705719953289
37.373684899289216 126.66705675404648
37.37368484653606 126.66705630884465
37.37368479223093 126.66705586393589
37.37368473637488 126.6670554193287
37.37368467896898 126.66705497503155
37.373684620014316 126.6670545310529
37.37368455951202 126.6670540874013
37.37368449746324 126.66705364408519
37.373684433869165 126.66705320111296
37.373684368731006 126.66705275849318
37.37368430205002 126.66705231623426
37.37368423382747 126.66705187434461
37.37368416406466 126.66705143283271
37.3736840927629 126.66705099170694
37.373684019923594 126.66705055097576
37.3736839455481 126.66705011064758
37.37368386963786 126.6670496707308
37.37368379219429 126.66704923123382
37.3736837132189 126.66704879216505
37.37368363271319 126.66704835353283
37.37368355067869 126.66704791534558
37.37368346711697 126.66704747761162
37.37368338202964 126.66704704033934
37.3736832954183 126.66704660353707
37.373683207284614 126.66704616721319
37.373683117630264 126.66704573137595
37.37368302645696 126.66704529603376
37.37368293376645 126.66704486119487
37.3736828395605 126.66704442686762
37.3736827438409 126.66704399306029
37.373682646609495 126.66704355978113
37.37368254786812 126.66704312703845
37.37368244761868 126.66704269484048
37.37368234586308 126.66704226319553
37.37368224260326 126.66704183211176
37.37368213784119 126.66704140159749
37.37368203157888 126.66704097166084
37.37368192381836 126.6670405423101
37.373681814561664 126.66704011355344
37.373681703810895 126.66703968539903
37.37368159156818 126.66703925785505
37.37368147783564 126.66703883092971
37.37368136261545 126.66703840463109
37.37368124590981 126.66703797896734
37.37368112772097 126.66703755394663
37.373681008051165 126.66703712957704
37.373680886902676 126.6670367058667
37.37368076427782 126.66703628282367
37.37368064017896 126.66703586045602
37.37368051460843 126.66703543877186
37.373680387568655 126.66703501777918
37.373680259062034 126.66703459748607
37.373680129091056 126.66703417790052
37.37367999765817 126.66703375903057
37.3736798647659 126.6670333408842
37.373679730416775 126.66703292346938
37.37367959461337 126.66703250679409
37.373679457358286 126.66703209086629
37.37367931865412 126.66703167569393
37.37367917850353 126.66703126128493
37.373679036909195 126.66703084764718
37.373678893873816 126.66703043478859
37.37367874940012 126.66703002271707
37.37367860349088 126.66702961144043
37.373678456148845 126.6670292009666
37.373678307376885 126.66702879130331
37.373678157177785 126.66702838245848
37.37367800555445 126.66702797443988
37.373677852509765 126.66702756725529
37.373677698046635 126.66702716091251
37.373677542168025 126.66702675541924
37.37367738487691 126.6670263507833
37.3736772261763 126.66702594701235
37.3736770660692 126.66702554411413
37.37367690455871 126.66702514209635
37.37367674164784 126.66702474096662
37.373676577339786 126.66702434073267
37.373676411637625 126.66702394140209
37.37367624454455 126.66702354298253
37.37367607606374 126.66702314548162
37.37367590619841 126.66702274890687
37.37367573495181 126.66702235326595
37.3736755623272 126.66702195856634
37.373675388327875 126.66702156481561
37.373675212957174 126.66702117202125
37.373675036218444 126.66702078019078
37.373674858115045 126.66702038933171
37.373674678650374 126.66701999945143
37.373674497827864 126.66701961055745
37.373674315650966 126.66701922265715
37.37367413212316 126.66701883575794
37.373673947247966 126.66701844986724
37.37367376102889 126.66701806499239
37.37367357346949 126.66701768114076
37.373673384573344 126.66701729831966
37.373673194344086 126.66701691653638
37.37367300278531 126.66701653579824
37.37367280990071 126.66701615611251
37.373672615693934 126.66701577748643
37.37367242016871 126.66701539992721
37.37367222332876 126.6670150234421
37.37367202517787 126.66701464803823
37.37367182571977 126.66701427372281
37.37367162495832 126.667013900503
37.37367142289733 126.66701352838588
37.37367121954066 126.66701315737858
37.3736710148922 126.66701278748816
37.37367080895583 126.66701241872173
37.37367060173551 126.6670120510863
37.37367039323518 126.66701168458887
37.37367018345884 126.66701131923647
37.37366997241046 126.66701095503606
37.373669760094124 126.6670105919946
37.373669546513824 126.667010230119
37.37366933167369 126.66700986941619
37.37366911557779 126.66700950989305
37.37366889823026 126.66700915155644
37.37366867963525 126.66700879441323
37.37366845979694 126.6670084384702
37.3736682387195 126.66700808373417
37.37366801640718 126.66700773021188
37.373667792864225 126.66700737791012
37.373667568094895 126.66700702683559
37.37366734210347 126.66700667699502
37.37366711489426 126.66700632839505
37.37366688647164 126.66700598104235
37.37366665683994 126.66700563494356
37.373666426003545 126.66700529010528
37.373666193966876 126.6670049465341
37.37366596073434 126.66700460423661
37.37366572631043 126.66700426321928
37.37366549069958 126.66700392348865
37.37366525390631 126.66700358505122
37.37366501593514 126.66700324791344
37.373664776790605 126.66700291208176
37.37366453647728 126.66700257756253
37.37366429499973 126.66700224436224
37.37366405236259 126.66700191248715
37.37366380857049 126.66700158194365
37.37366356362809 126.66700125273805
37.37366331754003 126.66700092487663
37.37366307031105 126.66700059836565
37.37366282194585 126.66700027321133
37.373662572449184 126.6669999494199
37.37366232182579 126.66699962699752
37.37366207008048 126.66699930595036
37.373661817218064 126.66699898628453
37.37366156324333 126.66699866800617
37.37366130816117 126.66699835112132
37.37366105197643 126.66699803563606
37.37366079469401 126.66699772155637
37.37366053631881 126.66699740888828
37.37366027685578 126.66699709763775
37.373660016309856 126.66699678781073
37.37365975468604 126.66699647941314
37.373659491989294 126.66699617245087
37.373659228224646 126.66699586692972
37.37365896339714 126.66699556285559
37.37365869751183 126.66699526023429
37.37365843057377 126.66699495907156
37.373658162588086 126.66699465937313
37.37365789355989 126.66699436114479
37.37365762349429 126.6669940643922
37.373657352396485 126.66699376912102
37.37365708027162 126.66699347533688
37.373656807124895 126.6669931830454
37.373656532961526 126.66699289225217
37.373656257786756 126.66699260296274
37.37365598160583 126.66699231518261
37.37365570442402 126.66699202891726
37.37365542624663 126.66699174417224
37.37365514707895 126.6669914609529
37.373654866926316 126.66699117926468
37.37365458579409 126.66699089911295
37.37365430368763 126.66699062050309
37.37365402061233 126.66699034344036
37.37365373657357 126.6669900679301
37.373653451576814 126.66698979397755
37.37365316562746 126.66698952158792
37.373652878730994 126.66698925076646
37.37365259089288 126.66698898151832
37.37365230211863 126.66698871384861
37.37365201241373 126.66698844776249
37.37365172178374 126.66698818326499
37.37365143023418 126.66698792036118
37.37365113777065 126.66698765905609
37.3736508443987 126.66698739935472
37.37365055012394 126.666987141262
37.37365025495202 126.66698688478286
37.37364995888854 126.6669866299222
37.373649661939154 126.6669863766849
37.37364936410954 126.66698612507577
37.373649065405395 126.66698587509964
37.373648765832414 126.66698562676127
37.373648465396286 126.66698538006538
37.37364816410279 126.66698513501673
37.373647861957664 126.66698489161995
37.37364755896665 126.66698464987971
37.37364725513558 126.66698440980062
37.37364695047023 126.66698417138726
37.37364664497641 126.6669839346442
37.37364633865997 126.66698369957594
37.37364603152674 126.66698346618696
37.37364572358258 126.66698323448175
37.3736454148334 126.66698300446473
37.37364510528506 126.66698277614023
37.373644794943495 126.66698254951268
37.37364448381462 126.66698232458637
37.37364417190437 126.6669821013656
37.3736438592187 126.66698187985466
37.37364354576359 126.66698166005771
37.37364323154502 126.66698144197905
37.37364291656898 126.66698122562275
37.3736426008415 126.66698101099297
37.3736422843686 126.66698079809385
37.37364196715632 126.66698058692936
37.37364164921071 126.66698037750362
37.37364133053785 126.6669801698206
37.373641011143825 126.66697996388427
37.37364069103474 126.66697975969853
37.373640370216656 126.66697955726733
37.37364004869577 126.66697935659448
37.37363972647818 126.66697915768385
37.37363940357004 126.66697896053921
37.37363907997752 126.66697876516436
37.37363875570679 126.66697857156299
37.37363843076407 126.66697837973884
37.37363810515552 126.66697818969553
37.3736377788874 126.66697800143672
37.3736374519659 126.66697781496599
37.373637124397284 126.66697763028687
37.3736367961878 126.66697744740294
37.373636467343715 126.66697726631766
37.373636137871316 126.6669770870345
37.373635807776864 126.66697690955687
37.37363547706669 126.66697673388816
37.37363514574711 126.66697656003173
37.37363481382442 126.66697638799091
37.37363448130498 126.66697621776898
37.37363414819515 126.66697604936917
37.373633814501254 126.66697588279469
37.3736334802297 126.66697571804875
37.373633145386826 126.6669755551345
37.373632809979064 126.666975394055
37.373632474012815 126.66697523481339
37.37363213749447 126.66697507741267
37.37363180043046 126.66697492185584
37.373631462827234 126.66697476814592
37.37363112469123 126.66697461628576
37.373630786028905 126.66697446627833
37.373630446846704 126.66697431812646
37.37363010715113 126.666974171833
37.37362976694868 126.66697402740074
37.3736294262458 126.66697388483243
37.37362908504903 126.66697374413077
37.373628743364876 126.66697360529848
37.37362840119987 126.6669734683382
37.37362805856052 126.66697333325254
37.373627715453395 126.66697320004408
37.37362737188504 126.66697306871538
37.373627027862 126.66697293926892
37.37362668339086 126.6669728117072
37.37362633847817 126.66697268603261
37.37362599313056 126.6669725622476
37.373625647354565 126.66697244035448
37.373625301156835 126.66697232035564
37.37362495454396 126.66697220225332
37.37362460752256 126.66697208604982
37.37362426009927 126.6669719717473
37.373623912280685 126.66697185934801
37.3736235640735 126.66697174885404
37.373623215484315 126.66697164026753
37.37362286651981 126.66697153359053
37.37362251718665 126.6669714288251
37.37362216749149 126.66697132597321
37.37362181744102 126.66697122503687
37.373621467041914 126.66697112601797
37.37362111630086 126.66697102891841
37.37362076522457 126.66697093374006
37.37362041381973 126.6669708404847
37.37362006209305 126.66697074915415
37.37361971005125 126.6669706597501
37.37361935770105 126.66697057227434
37.37361900504918 126.66697048672846
37.37361865210236 126.66697040311415
37.37361829886735 126.66697032143296
37.37361794535087 126.66697024168647
37.37361759155969 126.66697016387623
37.37361723750055 126.66697008800367
37.37361688318022 126.6669700140703
37.373616528605446 126.66696994207749
37.37361617378302 126.6669698720266
37.37361581871971 126.66696980391902
37.37361546342228 126.666969737756
37.37361510789755 126.66696967353882
37.373614752152264 126.66696961126873
37.373614396193226 126.66696955094689
37.37361404002725 126.66696949257447
37.37361368366111 126.66696943615257
37.37361332710163 126.66696938168226
37.37361297035562 126.66696932916462
37.37361261342986 126.66696927860059
37.373612256331214 126.66696922999121
37.373611899066454 126.66696918333733
37.37361154164241 126.6669691386399
37.37361118406593 126.66696909589976
37.373610826343814 126.6669690551177
37.373610468482894 126.66696901629453
37.37361011049003 126.66696897943098
37.37360975237202 126.66696894452775
37.37360939413573 126.6669689115855
37.37360903578797 126.66696888060486
37.37360867733562 126.66696885158645
37.37360831878548 126.6669688245308
37.37360796014442 126.66696879943841
37.3736076014193 126.66696877630977
37.37360724261695 126.66696875514536
37.37360688374421 126.66696873594553
37.373606524807954 126.66696871871068
37.37360616581501 126.66696870344114
37.37360580677226 126.66696869013717
37.37360544768655 126.66696867879905
37.37360508856472 126.66696866942699
37.373604729413636 126.66696866202119
37.373604370240166 126.66696865658176
37.37360401105116 126.66696865310881
37.37360365185345 126.6669686516024
37.37360329265394 126.6669686520626
37.373602933459445 126.66696865448935
37.37360257427684 126.66696865888262
37.373602215113 126.66696866524235
37.373601855974755 126.66696867356839
37.37360149686897 126.66696868386059
37.3736011378025 126.66696869611874
37.37360077878222 126.66696871034264
37.373600419814956 126.666968726532
37.37360006090757 126.6669687446865
37.37359970206691 126.6669687648058
37.37359934329985 126.66696878688954
37.373598984613224 126.66696881093725
37.37359862601387 126.66696883694848
37.37359826750863 126.6669688649228
37.373597909104376 126.6669688948596
37.37359755080795 126.66696892675834
37.373597192626164 126.6669689606184
37.37359683456585 126.66696899643917
37.37359647663389 126.6669690342199
37.37359611883709 126.66696907395992
37.37359576118227 126.66696911565846
37.373595403676276 126.6669691593147
37.373595046325946 126.66696920492785
37.37359468913807 126.66696925249701
37.37359433211948 126.66696930202129
37.37359397527699 126.66696935349971
37.37359361861742 126.66696940693129
37.37359326214758 126.66696946231505
37.37359290587427 126.66696951964992
37.3735925498043 126.6669695789348
37.37359219394446 126.66696964016855
37.37359183830154 126.66696970335
37.37359148288233 126.66696976847794
37.37359112769362 126.66696983555116
37.373590772742205 126.66696990456833
37.37359041803483 126.66696997552819
37.3735900635783 126.66697004842932
37.37358970937936 126.66697012327037
37.37358935544478 126.66697020004993
37.373589001781326 126.66697027876647
37.37358864839571 126.66697035941854
37.373588295294745 126.6669704420046
37.373587942485116 126.66697052652303
37.37358758997358 126.66697061297226
37.37358723776687 126.6669707013506
37.37358688587171 126.66697079165641
37.373586534294816 126.66697088388794
37.3735861830429 126.66697097804342
37.37358583212264 126.6669710741211
37.373585481540786 126.66697117211906
37.37358513130402 126.66697127203548
37.37358478141899 126.66697137386846
37.37358443189241 126.66697147761607
37.37358408273095 126.6669715832763
37.37358373394126 126.66697169084713
37.37358338553002 126.66697180032651
37.37358303750385 126.66697191171235
37.37358268986945 126.66697202500254
37.3735823426334 126.66697214019487
37.37358199580236 126.66697225728723
37.37358164938292 126.6669723762773
37.37358130338175 126.66697249716286
37.373580957805416 126.66697261994155
37.37358061266051 126.66697274461107
37.373580267953635 126.66697287116904
37.37357992369137 126.66697299961301
37.37357957988029 126.66697312994054
37.37357923652697 126.66697326214918
37.373578893637934 126.66697339623634
37.37357855121976 126.66697353219955
37.37357820927896 126.6669736700361
37.37357786782208 126.66697380974347
37.373577526855634 126.66697395131892
37.373577186386136 126.66697409475974
37.37357684642006 126.66697424006325
37.37357650696393 126.66697438722666
37.37357616802422 126.66697453624712
37.37357582960739 126.66697468712182
37.37357549171989 126.66697483984785
37.373575154368204 126.66697499442233
37.37357481755875 126.66697515084232
37.373574481297965 126.66697530910479
37.373574145592265 126.6669754692067
37.37357381044806 126.66697563114508
37.37357347587175 126.66697579491675
37.37357314186973 126.66697596051864
37.37357280844835 126.66697612794756
37.373572475614004 126.66697629720035
37.37357214337303 126.66697646827373
37.37357181173179 126.66697664116447
37.3735714806966 126.66697681586923
37.37357115027378 126.6669769923847
37.37357082046964 126.66697717070754
37.37357049129048 126.66697735083427
37.37357016274256 126.66697753276152
37.3735698348322 126.6669777164858
37.37356950756564 126.6669779020036
37.37356918094911 126.66697808931134
37.373568854988854 126.66697827840552
37.37356852969111 126.66697846928247
37.373568205062064 126.66697866193853
37.373567881107945 126.6669788563701
37.37356755783492 126.6669790525734
37.37356723524915 126.6669792505447
37.3735669133568 126.66697945028025
37.37356659216403 126.6669796517762
37.373566271676964 126.66697985502874
37.37356595190172 126.66698006003394
37.3735656328444 126.6669802667879
37.37356531451109 126.66698047528672
37.37356499690788 126.66698068552637
37.37356468004083 126.66698089750287
37.37356436391598 126.66698111121212
37.37356404853938 126.66698132665009
37.37356373391704 126.66698154381264
37.37356342005497 126.66698176269567
37.37356310695917 126.66698198329492
37.3735627946356 126.66698220560626
37.373562483090254 126.66698242962539
37.37356217232904 126.66698265534806
37.3735618623579 126.66698288276996
37.37356155318278 126.66698311188674
37.37356124480956 126.66698334269401
37.373560937244136 126.6669835751874
37.37356063049237 126.66698380936245
37.37356032456012 126.6669840452147
37.37356001945322 126.66698428273962
37.37355971517753 126.6669845219327
37.37355941173882 126.6669847627894
37.373559109142896 126.66698500530507
37.37355880739555 126.66698524947508
37.37355850650251 126.6669854952948
37.37355820646955 126.66698574275951
37.3735579073024 126.66698599186452
37.37355760900675 126.66698624260505
37.37355731158829 126.66698649497631
37.373557015052725 126.6669867489735
37.373556719405705 126.66698700459176
37.37355642465288 126.66698726182622
37.373556130799855 126.66698752067194
37.373555837852265 126.666987781124
37.3735555458157 126.66698804317744
37.37355525469572 126.66698830682722
37.373554964497885 126.66698857206833
37.37355467522776 126.6669888388957
37.37355438689083 126.66698910730426
37.373554099492644 126.66698937728886
37.373553813038626 126.66698964884436
37.37355352753433 126.66698992196557
37.37355324298513 126.66699019664725
37.37355295939649 126.66699047288417
37.37355267677382 126.66699075067109
37.37355239512253 126.66699103000268
37.37355211444798 126.66699131087361
37.37355183475554 126.6669915932785
37.373551556050536 126.66699187721198
37.373551278338304 126.66699216266862
37.373551001624136 126.666992449643
37.37355072591332 126.6669927381296
37.373550451211095 126.66699302812292
37.37355017752275 126.66699331961745
37.373549904853476 126.66699361260758
37.37354963320849 126.66699390708776
37.37354936259301 126.66699420305234
37.37354909301213 126.6669945004957
37.37354882447106 126.66699479941212
37.3735485569749 126.66699509979591
37.37354829052876 126.66699540164137
37.37354802513772 126.66699570494268
37.37354776080687 126.66699600969409
37.37354749754124 126.66699631588978
37.37354723534584 126.66699662352387
37.37354697422572 126.66699693259052
37.373546714185814 126.66699724308381
37.37354645523113 126.66699755499782
37.37354619736657 126.6669978683266
37.373545940597104 126.66699818306418
37.3735456849276 126.66699849920451
37.373545430362945 126.66699881674161
37.373545176907996 126.66699913566936
37.373544924567625 126.66699945598172
37.373544673346615 126.66699977767254
37.37354442324975 126.6670001007357
37.373544174281854 126.667000425165
37.37354392644763 126.6670007509543
37.37354367975184 126.66700107809733
37.373543434199185 126.6670014065879
37.373543189794354 126.66700173641966
37.373542946542 126.66700206758637
37.373542704446784 126.6670024000817
37.37354246351333 126.6670027338993
37.37354222374624 126.66700306903279
37.37354198515007 126.66700340547578
37.3735417477294 126.66700374322183
37.37354151148873 126.66700408226451
37.3735412764326 126.66700442259732
37.373541042565485 126.6670047642138
37.37354080989185 126.66700510710741
37.37354057841615 126.66700545127162
37.37354034814279 126.66700579669981
37.37354011907617 126.66700614338546
37.37353989122066 126.66700649132189
37.37353966458061 126.66700684050247
37.37353943916036 126.66700719092056
37.37353921496421 126.66700754256944
37.37353899199642 126.66700789544241
37.37353877026127 126.66700824953271
37.37353854976298 126.66700860483363
37.37353833050577 126.66700896133837
37.373538112493826 126.66700931904008
